4
8
12
14
16
20
24
28
30
32
36
38
40
44
46
48
52
54
56
60
62
64
68
72
76
78
80
84
88
92
96
100
104
108
112
114
116
120
122
124
126
130
132
134
138
140
142
146
148
150
154
156
158
160
162
166
170
172
174
176
178
182
184
186
190
192
194
198
200
202
206
208
210
214
216
218
222
224
226
230
232
234
238
240
242
244
246
248
250
252
254
256
258
262
264
266
270
272
274
278
282
286
290
292
294
298
300
302
306
308
310
312
314
318
320
322
324
326
328
330
334
336
338
340
342
346
348
350
354
356
358
362
364
366
368
370
374
376
378
382
384
386
390
392
394
398
400
402
404
406
408
410
412
414
416
418
420
422
424
426
428
430
434
436
438
440
442
444
446
448
450
452
454
456
458
460
462
466
470